18
741
862
546
274
390
905
606
236
288
563
514
727
391
779
934
16
736
920
367
204
610
10
228
172
919
590
511
794
213
61
972
160
113
117
250
316
34
689
479
726
319
365
995
746
344
885
37
305
493
467
769
220
400
447
159
487
949
781
278
656
524
544
698
818
94
526
49
77
167
711
201
385
795
9
5
820
655
777
217
554
328
490
632
512
277
859
625
867
933
908
333
872
515
560
257
607
592
718
50
347
86
373
752
111
268
846
131
823
473
398
279
997
928
535
474
314
907
106
215
502
336
648
589
386
710
552
35
863
39
109
674
556
921
238
409
916
224
464
815
392
780
917
843
864
616
964
567
895
717
413
892
735
654
858
912
137
32
849
594
930
488
185
101
31
766
188
528
59
388
966
628
463
503
675
273
581
596
253
223
403
647
904
482
205
762
404
826
3
329
345
411
416
372
495
828
17
847
954
772
477
456
568
747
41
702
139
300
646
623
178
331
122
602
788
768
832
787
434
683
310
785
975
844
102
421
538
138
519
115
440
82
123
808
510
325
134
561
989
448
869
760
850
285
910
366
604
775
865
680
66
516
192
618
591
143
261
320
569
481
171
65
527
67
47
692
377
457
825
861
431
180
724
265
389
25
376
170
324
629
154
179
666
341
573
176
260
540
522
78
476
557
44
60
800
149
81
130
520
492
209
327
272
24
136
583
658
694
778
382
999
974
486
830
173
513
290
982
350
597
577
886
613
361
984
26
28
107
771
240
436
622
73
611
292
619
251
254
203
831
765
890
497
748
553
529
835
401
468
128
193
716
432
958
708
973
291
941
804
152
459
555
796
90
125
184
576
971
731
938
406
444
426
811
21
446
870
744
709
829
158
742
657
244
812
913
664
20
659
853
566
364
262
980
856
295
914
518
190
763
991
453
62
507
723
523
157
271
286
57
807
230
355
743
309
665
70
679
673
676
303
817
269
649
620
951
298
882
588
950
227
133
494
756
465
206
803
343
165
276
218
156
151
369
667
696
219
196
963
480
977
558
876
878
399
642
64
275
302
313
923
483
395
682
821
839
255
745
270
728
834
543
662
955
85
8
793
848
466
945
33
915
140
582
174
155
952
433
587
595
899
296
351
461
946
168
256
669
210
233
27
51
550
322
874
690
191
925
598
13
733
338
435
660
626
297
145
498
112
506
14
703
931
505
63
889
871
248
631
713
909
499
222
639
725
53
672
750
957
638
415
79
408
855
536
95
36
663
819
442
108
943
216
873
263
449
471
993
940
509
323
126
162
621
381
845
801
175
349
121
927
202
814
104
226
816
996
378
356
564
926
237
758
114
427
906
304
932
704
321
837
186
307
282
650
68
243
695
720
105
791
517
439
55
40
56
948
773
901
360
770
685
195
283
147
533
644
947
978
83
194
981
450
609
103
749
918
88
653
4
127
751
962
545
371
200
293
824
72
580
570
799
246
739
318
922
600
470
699
840
755
883
396
52
959
976
317
854
451
181
92
875
774
379
549
603
207
637
249
636
967
953
987
612
357
74
264
721
574
599
614
144
58
986
802
897
475
267
287
43
968
225
860
700
169
141
534
208
688
707
177
783
383
294
110
438
7
445
458
211
500
608
838
189
866
419
182
677
697
627
584
668
129
489
166
661
38
315
455
405
241
135
857
422
645
370
944
6
235
719
374
118
578
312
12
911
586
334
183
460
617
348
571
153
375
97
148
437
46
164
790
898
903
730
994
99
363
119
970
701
212
161
624
462
881
428
98
281
425
937
851
0
407
593
430
424
605
693
252
896
231
797
387
29
2
687
880
23
521
979
116
42
258
686
335
641
737
792
402
798
15
579
132
485
280
380
19
340
990
998
562
900
759
902
120
245
732
706
353
879
484
69
729
330
441
671
935
806
89
229
961
532
530
337
75
888
150
76
827
306
100
852
247
956
45
397
87
504
71
776
740
221
239
54
326
525
651
754
822
266
805
299
420
601
988
22
508
929
633
836
96
559
761
939
643
394
894
11
985
384
289
346
539
491
891
91
284
670
84
652
359
630
80
48
681
992
784
841
789
478
452
163
887
417
983
877
339
352
412
1
734
501
197
640
714
813
893
332
965
548
757
615
547
833
496
124
715
301
678
393
429
924
362
142
311
531
691
414
423
960
187
242
358
842
214
712
308
259
443
565
469
936
942
722
782
810
198
969
764
30
753
738
575
809
572
354
418
232
635
868
551
684
93
146
342
541
472
767
410
634
705
368
234
537
454
786
585
199
542
884